  0.0000000E+00  0.0000000E+00  0.0000000E+00  0.0000000E+00
  0.4022364E-17  0.3485197E-17  0.5371665E-18  0.2026371E+03
  0.7058083E-11  0.2699982E-16  0.7058056E-11  0.2662534E+10
  0.4508914E-17  0.2884031E-17  0.1624883E-17  0.6129602E+03
  0.1503535E-16  0.3685797E-17  0.1134955E-16  0.4281430E+04
  0.5420984E-17  0.3089310E-17  0.2331674E-17  0.8795853E+03
  0.7644264E-17  0.4252468E-17  0.3391796E-17  0.1279498E+04
  0.3898978E-18 -0.1407644E-18  0.5306622E-18  0.2001835E+03
  0.3534166E-18 -0.1766143E-18  0.5300309E-18  0.1999453E+03
  0.3593461E-18 -0.1715026E-18  0.5308487E-18  0.2002538E+03
  0.3406735E-18 -0.1896407E-18  0.5303142E-18  0.2000522E+03
  0.3397819E-18 -0.1905355E-18  0.5303174E-18  0.2000534E+03
  0.3335436E-18 -0.1958905E-18  0.5294341E-18  0.1997202E+03
  0.3259832E-18 -0.2046826E-18  0.5306658E-18  0.2001849E+03
  0.3085220E-18 -0.2215906E-18  0.5301126E-18  0.1999761E+03
  0.3230183E-18 -0.2071616E-18  0.5301799E-18  0.2000016E+03
  0.3058303E-18 -0.2246861E-18  0.5305164E-18  0.2001285E+03
  0.2944208E-18 -0.2358455E-18  0.5302663E-18  0.2000341E+03
  0.2778929E-18 -0.2525676E-18  0.5304605E-18  0.2001074E+03
  0.2681637E-18 -0.2616303E-18  0.5297940E-18  0.1998560E+03
  0.2686082E-18 -0.2621582E-18  0.5307664E-18  0.2002228E+03
  0.2568420E-18 -0.2733200E-18  0.5301620E-18  0.1999948E+03
  0.2525598E-18 -0.2776369E-18  0.5301966E-18  0.2000079E+03
  0.2587016E-18 -0.2717534E-18  0.5304550E-18  0.2001053E+03
  0.2589196E-18 -0.2713043E-18  0.5302240E-18  0.2000182E+03
  0.2548779E-18 -0.2751912E-18  0.5300691E-18  0.1999598E+03
  0.2537390E-18 -0.2762028E-18  0.5299418E-18  0.1999117E+03
  0.2344448E-18 -0.2959078E-18  0.5303526E-18  0.2000667E+03
  0.2560033E-18 -0.2739951E-18  0.5299983E-18  0.1999331E+03
  0.2342291E-18 -0.2958956E-18  0.5301246E-18  0.1999807E+03
  0.2357288E-18 -0.2946940E-18  0.5304228E-18  0.2000932E+03
  0.2282194E-18 -0.3012798E-18  0.5294992E-18  0.1997448E+03
  0.2345080E-18 -0.2960091E-18  0.5305171E-18  0.2001287E+03
  0.2174368E-18 -0.3124967E-18  0.5299335E-18  0.1999086E+03
  0.2500348E-18 -0.2794746E-18  0.5295094E-18  0.1997486E+03
  0.2373728E-18 -0.2930256E-18  0.5303984E-18  0.2000840E+03
  0.2368933E-18 -0.2931074E-18  0.5300007E-18  0.1999339E+03
  0.2619462E-18 -0.2686218E-18  0.5305681E-18  0.2001480E+03
  0.2387520E-18 -0.2914340E-18  0.5301859E-18  0.2000038E+03
  0.2381045E-18 -0.2922172E-18  0.5303217E-18  0.2000550E+03
  0.2272791E-18 -0.3029838E-18  0.5302629E-18  0.2000328E+03
  0.2280494E-18 -0.3021230E-18  0.5301724E-18  0.1999987E+03
  0.2161345E-18 -0.3143240E-18  0.5304586E-18  0.2001067E+03
  0.2088315E-18 -0.3214533E-18  0.5302847E-18  0.2000411E+03
  0.2070989E-18 -0.3236418E-18  0.5307407E-18  0.2002131E+03
  0.1844699E-18 -0.3457999E-18  0.5302698E-18  0.2000355E+03
  0.2073518E-18 -0.3224336E-18  0.5297855E-18  0.1998527E+03
  0.1898424E-18 -0.3407310E-18  0.5305734E-18  0.2001500E+03
  0.1765541E-18 -0.3537240E-18  0.5302781E-18  0.2000386E+03
  0.1755628E-18 -0.3547605E-18  0.5303232E-18  0.2000556E+03
  0.1799015E-18 -0.3498286E-18  0.5297301E-18  0.1998318E+03
  0.1847655E-18 -0.3456931E-18  0.5304586E-18  0.2001067E+03
  0.1792779E-18 -0.3505847E-18  0.5298626E-18  0.1998818E+03
  0.1721341E-18 -0.3581250E-18  0.5302591E-18  0.2000314E+03
  0.1655924E-18 -0.3646717E-18  0.5302641E-18  0.2000333E+03
  0.1708243E-18 -0.3586027E-18  0.5294270E-18  0.1997175E+03
  0.1614111E-18 -0.3690412E-18  0.5304522E-18  0.2001043E+03
  0.1755781E-18 -0.3545511E-18  0.5301292E-18  0.1999824E+03
  0.1673133E-18 -0.3629212E-18  0.5302345E-18  0.2000221E+03
  0.1780010E-18 -0.3520030E-18  0.5300040E-18  0.1999352E+03
  0.1753104E-18 -0.3551170E-18  0.5304274E-18  0.2000949E+03
  0.1540027E-18 -0.3763486E-18  0.5303513E-18  0.2000662E+03
  0.1708365E-18 -0.3588191E-18  0.5296556E-18  0.1998037E+03
  0.1616738E-18 -0.3691129E-18  0.5307867E-18  0.2002304E+03
  0.1368342E-18 -0.3932932E-18  0.5301274E-18  0.1999817E+03
  0.1457170E-18 -0.3836549E-18  0.5293718E-18  0.1996967E+03
  0.1513608E-18 -0.3792649E-18  0.5306257E-18  0.2001697E+03
  0.1182045E-18 -0.4121093E-18  0.5303138E-18  0.2000521E+03
  0.1414119E-18 -0.3883302E-18  0.5297421E-18  0.1998364E+03
  0.1341654E-18 -0.3961704E-18  0.5303358E-18  0.2000603E+03
  0.1238083E-18 -0.4064200E-18  0.5302282E-18  0.2000198E+03
  0.1134313E-18 -0.4168862E-18  0.5303175E-18  0.2000534E+03
  0.1139776E-18 -0.4157717E-18  0.5297493E-18  0.1998391E+03
  0.1368094E-18 -0.3936970E-18  0.5305064E-18  0.2001247E+03
  0.1253636E-18 -0.4053167E-18  0.5306804E-18  0.2001903E+03
  0.1090875E-18 -0.4209414E-18  0.5300288E-18  0.1999446E+03
  0.1311998E-18 -0.3992382E-18  0.5304380E-18  0.2000989E+03
  0.1189938E-18 -0.4111399E-18  0.5301337E-18  0.1999841E+03
  0.1099307E-18 -0.4202389E-18  0.5301696E-18  0.1999977E+03
  0.1073817E-18 -0.4232602E-18  0.5306419E-18  0.2001758E+03
  0.9780064E-19 -0.4324187E-18  0.5302193E-18  0.2000164E+03
  0.9322599E-19 -0.4367797E-18  0.5300057E-18  0.1999358E+03
  0.9039105E-19 -0.4399094E-18  0.5303005E-18  0.2000470E+03
  0.9571786E-19 -0.4348686E-18  0.5305865E-18  0.2001549E+03
  0.9812534E-19 -0.4315532E-18  0.5296785E-18  0.1998124E+03
  0.8605019E-19 -0.4441120E-18  0.5301622E-18  0.1999949E+03
  0.1240856E-18 -0.4065998E-18  0.5306853E-18  0.2001922E+03
  0.8742390E-19 -0.4425808E-18  0.5300047E-18  0.1999354E+03
  0.8612381E-19 -0.4446412E-18  0.5307650E-18  0.2002223E+03
  0.6089821E-19 -0.4693912E-18  0.5302894E-18  0.2000429E+03
  0.9148248E-19 -0.4378663E-18  0.5293487E-18  0.1996880E+03
  0.7534890E-19 -0.4553857E-18  0.5307346E-18  0.2002108E+03
  0.7684827E-19 -0.4533038E-18  0.5301521E-18  0.1999910E+03
  0.6026289E-19 -0.4692467E-18  0.5295096E-18  0.1997487E+03
  0.7007034E-19 -0.4602722E-18  0.5303426E-18  0.2000629E+03
  0.5796639E-19 -0.4724968E-18  0.5304632E-18  0.2001084E+03
  0.5049737E-19 -0.4791799E-18  0.5296772E-18  0.1998119E+03
  0.7765558E-19 -0.4524321E-18  0.5300877E-18  0.1999668E+03
  0.5580441E-19 -0.4742593E-18  0.5300637E-18  0.1999577E+03
  0.6664263E-19 -0.4640063E-18  0.5306489E-18  0.2001785E+03
  0.6386141E-19 -0.4662613E-18  0.5301227E-18  0.1999800E+03
  0.6916188E-19 -0.4614836E-18  0.5306455E-18  0.2001772E+03
  0.5757319E-19 -0.4721255E-18  0.5296987E-18  0.1998200E+03
  0.7218029E-19 -0.4582660E-18  0.5304463E-18  0.2001020E+03
  0.7682333E-19 -0.4531179E-18  0.5299413E-18  0.1999115E+03
  0.8404326E-19 -0.4461097E-18  0.5301529E-18  0.1999914E+03
  0.9179905E-19 -0.4382556E-18  0.5300546E-18  0.1999543E+03
  0.9903835E-19 -0.4307000E-18  0.5297384E-18  0.1998350E+03
  0.8773199E-19 -0.4426934E-18  0.5304254E-18  0.2000941E+03
  0.9882805E-19 -0.4308556E-18  0.5296836E-18  0.1998143E+03
  0.8303752E-19 -0.4473277E-18  0.5303652E-18  0.2000714E+03
  0.8630327E-19 -0.4442355E-18  0.5305387E-18  0.2001369E+03
  0.7656380E-19 -0.4536724E-18  0.5302362E-18  0.2000228E+03
  0.6684422E-19 -0.4633481E-18  0.5301923E-18  0.2000062E+03
  0.5904989E-19 -0.4712420E-18  0.5302918E-18  0.2000438E+03
  0.7395202E-19 -0.4559122E-18  0.5298643E-18  0.1998825E+03
  0.7239846E-19 -0.4580711E-18  0.5304695E-18  0.2001108E+03
  0.4489849E-19 -0.4849355E-18  0.5298340E-18  0.1998711E+03
  0.5200796E-19 -0.4776774E-18  0.5296854E-18  0.1998150E+03
  0.8251227E-19 -0.4483950E-18  0.5309073E-18  0.2002759E+03
  0.3665306E-19 -0.4930993E-18  0.5297523E-18  0.1998402E+03
  0.5644988E-19 -0.4736690E-18  0.5301189E-18  0.1999785E+03
  0.5582179E-19 -0.4741387E-18  0.5299604E-18  0.1999188E+03
  0.5064145E-19 -0.4792292E-18  0.5298707E-18  0.1998849E+03
  0.4324413E-19 -0.4870812E-18  0.5303253E-18  0.2000564E+03
  0.5038136E-19 -0.4794503E-18  0.5298316E-18  0.1998702E+03
  0.4409402E-19 -0.4858540E-18  0.5299480E-18  0.1999141E+03
  0.5143797E-19 -0.4788638E-18  0.5303017E-18  0.2000475E+03
  0.7635613E-19 -0.4536827E-18  0.5300388E-18  0.1999483E+03
  0.6854776E-19 -0.4623279E-18  0.5308757E-18  0.2002640E+03
  0.3640586E-19 -0.4937683E-18  0.5301742E-18  0.1999994E+03
  0.5442971E-19 -0.4748936E-18  0.5293234E-18  0.1996784E+03
  0.3767512E-19 -0.4931088E-18  0.5307839E-18  0.2002294E+03
  0.3489375E-19 -0.4960966E-18  0.5309904E-18  0.2003073E+03
  0.5105280E-19 -0.4791963E-18  0.5302491E-18  0.2000276E+03
  0.2755068E-19 -0.5029917E-18  0.5305424E-18  0.2001383E+03
  0.1918304E-19 -0.5105788E-18  0.5297618E-18  0.1998438E+03
  0.2737215E-19 -0.5036481E-18  0.5310203E-18  0.2003186E+03
  0.2524167E-19 -0.5044749E-18  0.5297166E-18  0.1998268E+03
  0.1531511E-20 -0.5287584E-18  0.5302899E-18  0.2000431E+03
  0.1147445E-19 -0.5188004E-18  0.5302748E-18  0.2000373E+03
  0.4805056E-19 -0.4816367E-18  0.5296872E-18  0.1998157E+03
  0.4618526E-19 -0.4841792E-18  0.5303644E-18  0.2000711E+03
  0.7386202E-21 -0.5295338E-18  0.5302724E-18  0.2000364E+03
 -0.1841285E-19 -0.5488166E-18  0.5304038E-18  0.2000860E+03
 -0.4639624E-19 -0.5771190E-18  0.5307228E-18  0.2002063E+03
 -0.6361376E-19 -0.5938684E-18  0.5302546E-18  0.2000297E+03
 -0.9214329E-19 -0.6226593E-18  0.5305160E-18  0.2001283E+03
 -0.1147905E-18 -0.6451494E-18  0.5303589E-18  0.2000691E+03
 -0.1079914E-18 -0.6383814E-18  0.5303900E-18  0.2000808E+03
 -0.1436731E-18 -0.6739041E-18  0.5302311E-18  0.2000208E+03
 -0.1280980E-18 -0.6595861E-18  0.5314880E-18  0.2004950E+03
 -0.1524584E-18 -0.6831169E-18  0.5306585E-18  0.2001821E+03
 -0.1773053E-18 -0.7070087E-18  0.5297033E-18  0.1998218E+03
 -0.1628895E-18 -0.6929700E-18  0.5300805E-18  0.1999640E+03
 -0.1637203E-18 -0.6944003E-18  0.5306800E-18  0.2001902E+03
 -0.1351966E-18 -0.6658548E-18  0.5306582E-18  0.2001820E+03
 -0.1487548E-18 -0.6785115E-18  0.5297567E-18  0.1998419E+03
 -0.1531427E-18 -0.6835531E-18  0.5304104E-18  0.2000885E+03
 -0.1437129E-18 -0.6737134E-18  0.5300006E-18  0.1999339E+03
 -0.1378166E-18 -0.6681167E-18  0.5303001E-18  0.2000469E+03
 -0.1496427E-18 -0.6793110E-18  0.5296682E-18  0.1998085E+03
 -0.1266431E-18 -0.6536994E-18  0.5270563E-18  0.1988232E+03
 -0.1595366E-18 -0.6888765E-18  0.5293399E-18  0.1996847E+03
 -0.1622856E-18 -0.6924580E-18  0.5301724E-18  0.1999987E+03
 -0.1546522E-18 -0.6844304E-18  0.5297783E-18  0.1998500E+03
 -0.1634236E-18 -0.6938033E-18  0.5303797E-18  0.2000769E+03
 -0.1744077E-18 -0.7044999E-18  0.5300922E-18  0.1999685E+03
 -0.1615467E-18 -0.6913993E-18  0.5298526E-18  0.1998781E+03
 -0.1563317E-18 -0.6863740E-18  0.5300423E-18  0.1999496E+03
 -0.1706019E-18 -0.7008380E-18  0.5302361E-18  0.2000227E+03
 -0.1680755E-18 -0.6985081E-18  0.5304326E-18  0.2000969E+03
 -0.1891295E-18 -0.7187384E-18  0.5296089E-18  0.1997862E+03
 -0.1861142E-18 -0.7163547E-18  0.5302405E-18  0.2000244E+03
 -0.1812481E-18 -0.7109023E-18  0.5296542E-18  0.1998032E+03
 -0.1973444E-18 -0.7281600E-18  0.5308156E-18  0.2002413E+03
 -0.1947763E-18 -0.7249088E-18  0.5301326E-18  0.1999837E+03
 -0.1991903E-18 -0.7287992E-18  0.5296089E-18  0.1997861E+03
 -0.1796439E-18 -0.7059172E-18  0.5262733E-18  0.1985278E+03
 -0.2421899E-18 -0.7719737E-18  0.5297838E-18  0.1998521E+03
 -0.2224193E-18 -0.7521070E-18  0.5296878E-18  0.1998159E+03
 -0.2463247E-18 -0.7767950E-18  0.5304703E-18  0.2001111E+03
 -0.2704369E-18 -0.8007977E-18  0.5303609E-18  0.2000698E+03
 -0.2434824E-18 -0.7737839E-18  0.5303015E-18  0.2000474E+03
 -0.2614724E-18 -0.7914379E-18  0.5299655E-18  0.1999207E+03
 -0.2335506E-18 -0.7638494E-18  0.5302988E-18  0.2000464E+03
 -0.2466325E-18 -0.7763792E-18  0.5297467E-18  0.1998381E+03
 -0.2339732E-18 -0.7640963E-18  0.5301230E-18  0.1999801E+03
 -0.2158292E-18 -0.7458203E-18  0.5299911E-18  0.1999303E+03
 -0.2317761E-18 -0.7618890E-18  0.5301129E-18  0.1999763E+03
 -0.2279168E-18 -0.7587197E-18  0.5308029E-18  0.2002365E+03
 -0.2350237E-18 -0.7657676E-18  0.5307439E-18  0.2002143E+03
 -0.2515815E-18 -0.7818536E-18  0.5302721E-18  0.2000363E+03
 -0.2305261E-18 -0.7597915E-18  0.5292654E-18  0.1996566E+03
 -0.2440557E-18 -0.7748632E-18  0.5308075E-18  0.2002383E+03
 -0.2279250E-18 -0.7568597E-18  0.5289347E-18  0.1995318E+03
 -0.2004325E-18 -0.7308852E-18  0.5304526E-18  0.2001044E+03
 -0.2277315E-18 -0.7575055E-18  0.5297740E-18  0.1998484E+03
 -0.2132230E-18 -0.7439414E-18  0.5307184E-18  0.2002047E+03
 -0.2302479E-18 -0.7603959E-18  0.5301480E-18  0.1999895E+03
 -0.2583305E-18 -0.7890946E-18  0.5307641E-18  0.2002219E+03
