   64.000000000000000     
   64.000000000000000     
   128.00000000000000     
     1  0.5605752E+01  0.2010115E+02  0.5755515E+02 -0.1894824E-02 -0.2471108E-02  0.2227213E-02
     2  0.4209425E+02  0.2030345E+02  0.5638639E+02 -0.4635828E-03 -0.1010231E-02  0.3794803E-03
     3  0.3500221E+02  0.5792670E+02  0.8046361E+02  0.1117388E-02  0.8843100E-03 -0.3039972E-03
     4  0.1145989E+02  0.3028167E+02  0.6016517E+02  0.1286594E-02  0.1998539E-02 -0.8801049E-03
     5  0.4079615E+02  0.4929109E+02  0.1640587E+02 -0.1477062E-02 -0.1491348E-02  0.3849635E-03
     6  0.1686491E+02  0.3121771E+02  0.1865583E+02 -0.1552387E-02 -0.4073655E-02  0.3073962E-02
     7  0.2288438E+08 -0.1293890E+08 -0.2895000E+09  0.6632576E-18 -0.2503902E-18 -0.1534448E-03
     8  0.9204605E+01  0.3773517E+02  0.1171525E+03  0.4640411E-03 -0.5642764E-03  0.1434551E-02
     9  0.4307455E+02  0.2759648E+02  0.5860362E+02 -0.1208708E-02 -0.1818611E-02 -0.1200256E-02
    10 -0.2920848E+10 -0.4077641E+10 -0.7709984E+10  0.5581889E-18 -0.3953436E-18 -0.1534448E-03
    11  0.1642079E+02  0.5696409E+02  0.1088128E+03 -0.7902048E-03  0.3148210E-03 -0.1483565E-02
    12  0.3508956E+02  0.4050534E+02  0.1213298E+03 -0.3379611E-03 -0.1000377E-03 -0.1378067E-03
    13  0.2507211E+02  0.9906354E+00  0.2111538E+02  0.6230879E-03 -0.2022150E-03  0.1347169E-02
    14  0.2428081E+02  0.3407205E+02  0.6586081E+02  0.2680935E-03  0.5022775E-03  0.4005081E-03
    15  0.5470409E+01  0.1125307E+02  0.1033803E+03 -0.3188523E-03  0.5200117E-03  0.5509082E-03
    16  0.5657860E+02  0.3439981E+02  0.1108027E+03 -0.3140057E-02 -0.1240242E-02  0.1055720E-03
    17  0.5622742E+02  0.1779234E+02  0.9620009E+00 -0.3792053E-03 -0.2348187E-03  0.3829709E-04
    18  0.2546665E+02  0.3194082E+02  0.5919850E+02 -0.2584841E-03 -0.1359000E-02 -0.1426059E-02
    19  0.1733962E+02  0.3213545E+02  0.4956115E+02 -0.1741649E-02 -0.1820707E-02  0.1612817E-02
    20  0.4272865E+02  0.2618627E+02  0.1025443E+03  0.1283409E-02 -0.1512051E-02  0.1613730E-02
    21  0.2059169E+02  0.5441267E+02  0.7304859E+02 -0.5573083E-03  0.2641732E-02  0.6342397E-03
    22  0.2441489E+02  0.3442135E+02  0.3845398E+02  0.2138769E-02  0.1568663E-02 -0.2724408E-03
    23  0.5120722E+02  0.3649133E+02  0.7481825E+02 -0.2532123E-03 -0.8175653E-03  0.7048077E-03
    24  0.2284230E+02  0.4156578E+02  0.5034099E+02  0.2242189E-02 -0.2026586E-02  0.1123920E-02
    25  0.3768096E+02  0.3823293E+02  0.4120468E+02 -0.2872741E-03  0.1196763E-02 -0.7892116E-04
    26  0.2884730E+02  0.5428341E+02  0.2639709E+02  0.1022057E-02 -0.2406145E-02 -0.4684431E-03
    27  0.2054795E+02  0.3523397E+02  0.5672153E+01  0.1702639E-03 -0.1695925E-02 -0.3069294E-03
    28  0.6185201E+00  0.1643606E+02  0.6169947E+02  0.1008694E-02 -0.1315563E-02 -0.1106265E-02
    29  0.6281803E+02  0.2236064E+02  0.6524774E+02  0.7921898E-03  0.1459651E-02  0.2199135E-03
    30 -0.4442147E+08  0.1111639E+09  0.4022179E+02  0.6604406E-18 -0.2450717E-18 -0.1534448E-03
    31  0.4599287E+02  0.4940580E+02  0.2727887E+02 -0.1359254E-02  0.1902787E-02  0.4867593E-04
    32  0.1441184E+02  0.3779029E+02  0.6203161E+02 -0.1363957E-02  0.1410734E-02  0.5642671E-03
    33  0.4408794E+02  0.2206622E+02  0.9480761E+02  0.2070484E-03 -0.2216902E-02  0.6339876E-04
    34  0.8373072E+01  0.2497898E+02  0.6768051E+02 -0.7494140E-03  0.1494677E-02 -0.6819271E-05
    35  0.2416173E+01  0.2316061E+02  0.7166565E+02  0.5167534E-03  0.5018895E-03 -0.5965563E-03
    36  0.4484660E+02  0.2192385E+02  0.1077549E+03  0.1815152E-02  0.1148838E-02 -0.4940817E-03
    37  0.5570564E+02  0.5423724E+02  0.1544135E+02  0.6999160E-03  0.6113947E-03  0.4129208E-03
    38  0.3932511E+02  0.2102386E+02  0.9891137E+02 -0.1019677E-02 -0.4389165E-03  0.3262602E-04
    39 -0.2288445E+08  0.1293894E+08  0.2894998E+09  0.6615346E-18 -0.2493765E-18 -0.1534448E-03
    40  0.6276293E+02  0.3571552E+02  0.1114146E+03  0.4127995E-03 -0.1622534E-02 -0.1324529E-02
    41  0.4942648E+02  0.3193129E+02  0.9472465E+02 -0.1058429E-02 -0.7276345E-03  0.8843257E-03
    42  0.2920848E+10  0.4077641E+10  0.7709984E+10  0.7666033E-18 -0.1044232E-18 -0.1534448E-03
    43  0.4557562E+02  0.5337343E+02  0.1406552E+02  0.2139634E-04 -0.4327939E-03  0.9785200E-03
    44  0.4050341E+02  0.3742878E+02  0.6089888E+02  0.3633477E-03  0.1871756E-02 -0.9070620E-03
    45  0.2090346E+02  0.3539485E+02  0.7076168E+02 -0.2061403E-03 -0.1037372E-02 -0.1338301E-02
    46 -0.2457575E+10  0.6895378E+09  0.4132108E+10 -0.2940622E-09  0.8261629E-10 -0.1534443E-03
    47  0.3417634E+02  0.1464118E+02  0.5611479E+02  0.1610152E-02  0.4655980E-03 -0.4327939E-03
    48  0.3780645E+02  0.3093573E+02  0.6012644E+02  0.2082801E-02 -0.1944709E-02  0.3137076E-02
    49  0.2457576E+10 -0.6895374E+09 -0.4132109E+10  0.2940623E-09 -0.8261624E-10 -0.1534453E-03
    50  0.8091849E+01  0.1828187E+02  0.1025943E+03  0.1000194E-03  0.1822142E-03  0.6383469E-04
    51  0.1803329E+02  0.3054463E+02  0.1103540E+02  0.1057287E-02  0.3659106E-02 -0.9043382E-03
    52  0.1107319E+02  0.2253565E+02  0.6225661E+02  0.1587115E-02 -0.1358173E-02 -0.1477289E-03
    53  0.5100330E+02  0.2427402E+02  0.5992517E+02  0.2030400E-04 -0.5306959E-03 -0.1475808E-02
    54  0.3949369E+02  0.1919208E+02  0.1063844E+03  0.2020897E-02 -0.1092142E-02 -0.9797835E-03
    55  0.1457441E+02  0.3157684E+02  0.6595583E+02  0.5892010E-03  0.7253355E-03 -0.2003514E-02
    56  0.4518801E+02  0.3387151E+02  0.5672225E+02 -0.1958810E-02 -0.2943769E-04  0.4998468E-03
    57  0.3757522E+02  0.1072111E+02  0.9357270E+02  0.1601549E-02  0.4762866E-03  0.8130989E-03
    58  0.3838437E+02  0.1604097E+02  0.1159860E+03  0.2240993E-02  0.1058843E-02 -0.2912383E-02
    59  0.1367088E+02  0.3566605E+02  0.8852763E+01  0.4191023E-03 -0.3204141E-03  0.1552732E-02
    60  0.3147907E+02  0.2447454E+02  0.5851812E+02 -0.4926508E-03 -0.1048334E-02  0.2861100E-02
    61  0.3877593E+02  0.4145660E+02  0.7851899E+02  0.5029273E-04  0.5834123E-03  0.2042365E-03
    62  0.4442142E+08 -0.1111639E+09  0.7537361E+02  0.6643516E-18 -0.2546950E-18 -0.1534448E-03
    63  0.4256283E+02  0.3203681E+02  0.6601805E+02  0.1928180E-02 -0.1456316E-02 -0.2106960E-02
    64  0.5510902E+02  0.1312576E+02  0.1051063E+03 -0.5869213E-04  0.1267274E-02 -0.1494807E-02
    65  0.1990278E+02  0.3842136E+02  0.5629117E+02 -0.8359449E-04 -0.2978528E-03  0.1335198E-02
    66  0.7190994E+01  0.5412884E+02  0.6800178E+02  0.2500388E-03 -0.1276698E-03  0.3405549E-04
    67  0.4290548E+02  0.1721602E+02  0.1123862E+03 -0.4801224E-03  0.3729192E-03 -0.1405456E-02
    68  0.2763846E+02  0.1302982E+02  0.5441890E+02 -0.2772810E-04  0.3167161E-03  0.7098093E-03
    69  0.2743373E+02  0.3802011E+02  0.6896260E+02 -0.5980065E-03  0.1059219E-02 -0.3951732E-03
    70  0.2273812E+02  0.2888258E+02  0.1639393E+01 -0.1611784E-02  0.5218582E-03 -0.2070562E-02
    71  0.5473676E+07 -0.3864302E+07 -0.4429937E+08  0.6626367E-18 -0.2500666E-18  0.1534448E-03
    72  0.1576597E+02  0.3122902E+02  0.4621963E+01  0.8975059E-03 -0.1951411E-02  0.1017750E-03
    73  0.1862571E+02  0.3261391E+02  0.6029358E+02  0.5736523E-03  0.1282118E-02 -0.5083076E-03
    74 -0.4835468E+08  0.1736085E+08 -0.9712730E+08  0.6606263E-18 -0.2492188E-18  0.1534448E-03
    75  0.3445929E+02  0.1617664E+02  0.1009992E+03  0.1258796E-02  0.3355157E-02 -0.1511360E-03
    76  0.2258816E+02  0.2876575E+02  0.6444979E+02  0.8984419E-03 -0.3462622E-02  0.1054731E-03
    77  0.3707388E+02  0.4921447E+00  0.1698904E+02 -0.1666723E-03 -0.6020149E-03 -0.2211287E-03
    78  0.5639754E+02  0.2197730E+02  0.6213599E+02 -0.2754287E-02  0.1748136E-02 -0.1659139E-02
    79  0.4806037E+02  0.5992097E+02  0.8778331E+01  0.2869730E-03  0.1326651E-02 -0.4330752E-03
    80  0.1055867E+02  0.2562963E+02  0.5551786E+02 -0.8058911E-03  0.8344654E-03  0.6965219E-03
    81  0.3068499E+01  0.3698217E+02  0.5074406E+02 -0.4048848E-03 -0.8992542E-03  0.2888937E-03
    82  0.1732535E+02  0.2608099E+02  0.6094955E+02  0.7004432E-03 -0.3253810E-02 -0.9927763E-03
    83  0.4869143E+02  0.4387596E+02  0.2442387E+02  0.7882983E-04 -0.8919692E-03 -0.1053198E-02
    84  0.5457893E+01  0.2661046E+02  0.6161869E+02  0.5468850E-03 -0.5294936E-03 -0.1553540E-02
    85  0.5892909E+02  0.2380146E+02  0.7201927E+02  0.3339272E-03  0.7489471E-03 -0.4673079E-04
    86  0.3706572E+01  0.3293573E+02  0.2920884E+02  0.4956893E-03 -0.2862148E-03 -0.1066588E-02
    87  0.4046063E+02  0.2087387E+02  0.1934076E+02  0.1262364E-03  0.9932816E-04  0.1581710E-03
    88  0.1380912E+02  0.3000981E+02  0.7409525E+02 -0.2021895E-02  0.1024517E-03  0.1442049E-02
    89  0.5102780E+01  0.3671558E+02  0.1101957E+03  0.1434292E-02  0.5188925E-03 -0.7721954E-04
    90  0.4509549E+07  0.9997613E+01 -0.2521075E+08  0.6626436E-18 -0.2499202E-18  0.1534448E-03
    91  0.5078813E+02  0.2247222E+02  0.1055999E+03 -0.2414697E-03 -0.5441602E-04  0.1533409E-02
    92  0.2978398E+02  0.5030688E+02  0.1863573E+02  0.5200794E-02  0.4306245E-02 -0.2656777E-03
    93  0.6686120E+01  0.2977012E+02  0.2318519E+02 -0.3699041E-04  0.7293226E-03  0.5213940E-03
    94  0.3042442E+02  0.1589646E+02  0.6150132E+02 -0.1957747E-02  0.1366845E-02  0.3654393E-03
    95  0.3239663E+02  0.3470849E+02  0.5839602E+02  0.3731841E-03  0.5948204E-03  0.5000163E-03
    96  0.4412651E+02  0.1859096E+02  0.1016710E+03 -0.8329908E-03  0.2572505E-03 -0.2178190E-02
    97  0.3237013E+01  0.3501594E+02  0.1169026E+03  0.1729863E-02  0.8525885E-03 -0.9186893E-04
    98  0.5781968E+02  0.4066816E+02  0.6498174E+02  0.4393454E-02  0.1176023E-02 -0.2094200E-02
    99  0.5501604E+02  0.9628486E+01  0.1149928E+03  0.2456503E-03  0.5891485E-03  0.3255684E-03
   100  0.7825458E+01  0.3145668E+02  0.6628851E+02 -0.1481793E-02  0.2309009E-02 -0.7725728E-03
   101  0.3343790E+02  0.4814764E+02  0.1241508E+02 -0.8851472E-03 -0.3778283E-04  0.7589132E-03
   102  0.3140491E+02  0.5223881E+02  0.7671323E+02 -0.1648368E-02 -0.1282469E-02  0.1039189E-02
   103 -0.5473739E+07  0.3864350E+07  0.4429979E+08  0.6621555E-18 -0.2497001E-18  0.1534448E-03
   104  0.5506385E+02  0.5801704E+02  0.5515837E+01  0.3118964E-03 -0.4298898E-03  0.5889661E-03
   105  0.6119640E+02  0.2951994E+02  0.1128508E+03 -0.9718383E-03  0.7839773E-03  0.2702225E-03
   106  0.4835463E+08 -0.1736082E+08  0.9712773E+08  0.6641659E-18 -0.2505479E-18  0.1534448E-03
   107  0.1925014E+02  0.3762985E+02  0.1190984E+02  0.6118277E-03 -0.9243363E-03 -0.1706324E-02
   108  0.4961919E+01  0.1919618E+02  0.6544893E+02 -0.5284416E-03  0.1011617E-02 -0.5548389E-04
   109  0.2353419E+02  0.3293913E+02  0.5173208E+02 -0.1912197E-03 -0.1339236E-02  0.1978108E-02
   110  0.4898953E+02  0.2861607E+02  0.5554462E+02 -0.1457081E-02  0.1893943E-02  0.1913452E-02
   111  0.2065820E+02  0.1848070E+02  0.1224253E+03  0.9442515E-03  0.1048724E-03  0.1225036E-02
   112  0.5072873E+02  0.3303792E+02  0.4352669E+02  0.6988702E-03 -0.1120605E-03  0.1087194E-02
   113  0.1947158E+02  0.2736984E+02  0.5520540E+02  0.2386099E-02  0.1402122E-02  0.6687026E-03
   114  0.4701161E+02  0.1331867E+02  0.1013369E+03 -0.1190071E-01 -0.3732162E-02  0.2664673E-02
   115  0.4107329E+02  0.3867758E+02  0.4894555E+02 -0.1623446E-02  0.6368555E-03 -0.1061550E-02
   116  0.3989760E+02  0.1359619E+02  0.1012465E+03  0.1756832E-03 -0.2470977E-02  0.3185704E-03
   117  0.1543804E+02  0.2158258E+02  0.6741051E+02  0.2755159E-04 -0.6249855E-03 -0.3218578E-02
   118  0.4226826E+02  0.1529683E+02  0.9338509E+02 -0.5499721E-03  0.2725156E-03  0.3729634E-03
   119  0.4653298E+02  0.1520320E+02  0.1072431E+03 -0.2051351E-02  0.1415619E-02 -0.5979728E-03
   120  0.2197058E+02  0.2381798E+02  0.3538802E+02  0.1804373E-03  0.1447905E-02  0.3190737E-04
   121  0.3143930E+02  0.5696636E+02  0.7221097E+02 -0.4299124E-03  0.5698960E-03  0.9360197E-03
   122 -0.4509603E+07  0.2095057E+02  0.2521120E+08  0.6621486E-18 -0.2498465E-18  0.1534448E-03
   123  0.4881654E+02  0.2224892E+02  0.5402717E+02 -0.9506856E-03  0.2863207E-02  0.7594596E-03
   124  0.2028435E+02  0.5598842E+02  0.1150932E+03  0.7897214E-03 -0.2103668E-03  0.1436907E-02
   125  0.2549631E+02  0.2931882E+02  0.3523874E+02  0.4813349E-03 -0.7570043E-05  0.1738267E-03
   126  0.5582988E+02  0.7931334E+01  0.1216600E+03 -0.4730660E-03  0.4368765E-03 -0.5867964E-03
   127  0.3902241E+02  0.3476883E+01  0.5712646E+02  0.7284462E-03 -0.1376534E-02 -0.1992215E-02
   128  0.4246772E+02  0.5037289E+02  0.2204971E+02  0.1173032E-02 -0.4328734E-03 -0.9579919E-03
